9606
10090
3702
4932
10116
562
9913
7227
9825
4530
6239
9031
3847
5691
7955
4565
1280
4577
5476
83332
4081
3055
8355
9796
9940
226900
4896
7460
224308
1148
272634
208964
3708
7091
29760
5833
121845
4513
10029
1773
10117
655819
287
3888
4113
36329
70448
1351
4097
5661
29159
216597
246196
3818
4100
5811
7029
9544
9615
3218
9823
9986
44689
160488
746128
931281
3635
5061
8049
32644
48479
51655
85963
89462
211586
408170
511145
294
2157
2711
3827
6192
7165
9925
15368
135062
330879
375451
391619
546414
588858
306
1423
2242
2759
3880
3983
5059